J_dv = 7*10^(-6)
C_m = 1.3
C_omega = 3.15
L_ya = 0.0015
R_ya = 8
L_ov = 0.013
b = 0.0001